// Helper variables
one-fifth = 20%
two-fifths = 40%
three-fifths = 60%
four-fifths = 80%

one-third = 33.33333333332%
two-thirds = 66.66666666665%
